0000000116007003011
0000000093006001024
0000000938025000007
0000000840012016009
0000000538017017006
0000000457007013022
0000000632006036001
0000000334006037000
0000000812017019008
0000000311021008016
0000000219015017013
0000000355006006034
0000000598029003016
0000000103004003041
0000000531008024017
0000000199004029016
0000000088011038001
0000000301002032017
0000000053027006018
0000000431019023011
0000000644001035018
0000000627000015039
0000000309021015018
0000000010023013018
0000000877014042000
0000000202035005016
0000000250000007050
0000000730001004053
0000000161046009003
0000000954023002034
0000000534040012007
0000000488024019016
0000000273024000035
0000000025027004028
0000000168007053000
0000000139013046001
0000000662007037017
0000000575031007023
0000000369001010050
0000000364016025020
0000000925015029018
0000000028003032027
0000000006002006054
0000000490013043007
0000000325008024031
0000000283035017011
0000000165046016002
0000000944039019007
0000000857037028000
0000000688064001000
0000000684017020029
0000000892009026032
0000000553012054001
0000000446036024007
0000000749008046014
0000000724007026036
0000000807024030016
0000000646014030026
0000000602001058011
0000000197042025003
0000000099008019043
0000000086021028021
0000000367041007023
0000000327046007018
0000000625000056016
0000000532046024002
0000000066018023031
0000000988023015035
0000000961029041003
0000000942013024036
0000000862032024017
0000000677019011043
0000000387023025025
0000000729039010025
0000000361012041021
0000000290014054006
0000000039025025024
0000000764060003012
0000000238049024002
0000000234034031010
0000000195039011025
0000000426022009045
0000000410013025038
0000000718000075003
0000000097009036033
0000000912004065010
0000000615009006064
0000000407022034023
0000000243002019058
0000000606005052023
0000000152013017050
0000000146065014001
0000000020012065003
0000000891045006031
0000000863036038008
0000000580056001025
0000000480040038004
0000000235031017034
0000000077027041014
0000000979004011068
0000000721018056009
0000000648010051022
0000000622005066012
0000000651012034038
0000000422054019011
0000000149042005037
0000000810051032002
0000000803035009041
0000000798022005058
0000000732029041015
0000000586001069015
0000000516005041039
0000000817024055007
0000000676026013047
0000000102033012041
0000000845052018017
0000000249008003076
0000000607001073014
0000000461049001038
0000000293015035038
0000000205014044030
0000000143014054020
0000000819018054017
0000000512027059003
0000000425067005017
0000000366050001038
0000000048015054021
0000000939047034010
0000000774041047003
0000000714000033058
0000000347048025018
0000000167005055031
0000000054000032059
0000000664010059023
0000000522010000082
0000000328025001066
0000000011055035002
0000000695039035019
0000000482005030058
0000000265004054035
0000000061025032036
0000000671067026001
0000000262034033027
0000000650005030060
0000000572053023019
0000000569086003006
0000000016050032013
0000000896007014075
0000000564032037027
0000000554083011002
0000000501019036041
0000000127027039030
0000000859014038045
0000000846061006030
0000000824072004021
0000000659023006068
0000000227010049038
0000000893002068028
0000000653052036010
0000000371017013068
0000000228034009055
0000000013063034001
0000000903067008024
0000000879067027005
0000000698030069000
0000000362014072013
0000000326065009025
0000000057021000078
0000000040073016010
0000000818025004071
0000000614015009076
0000000519012068020
0000000503039022039
0000000344047027026
0000000062034059007
0000000617073009019
0000000388014016071
0000000178018062021
0000000050010030061
0000000977010072020
0000000822014060028
0000000700029029044
0000000645042024036
0000000568024038040
0000000542031044027
0000000462004076022
0000000105005023075
0000000420010055039
0000000382036053015
0000000985053011041
0000000871022043040
0000000868037015053
0000000796022058025
0000000782003013089
0000000706052021032
0000000697030058017
0000000576059038008
0000000994069028009
0000000941007009090
0000000913005019082
0000000867005081020
0000000405011046049
0000000383094011001
0000000239028015063
0000000144026078002
0000000949055002050
0000000882024074009
0000000769008010089
0000000705041030036
0000000533039020048
0000000444010004093
0000000384091005011
0000000363038018051
0000000379004011092
0000000354002094011
0000000113036040031
0000000995088015005
0000000997045035028
0000000853054024030
0000000780032009067
0000000739006004098
0000000448036011061
0000000254092002014
0000000179019077012
0000000087027029052
0000000213036031042
0000000192020009080
0000000136038033038
0000000098003048058
0000000883045022043
0000000852028066016
0000000791077011022
0000000756005009096
0000000691066029015
0000000497024005081
0000000232023019068
0000000211034072004
0000000018010044056
0000000980035007069
0000000885047037027
0000000715006036069
0000000393055015041
0000000353026065020
0000000280002075034
0000000075004042065
0000000064026019066
0000000794059009044
0000000766035028049
0000000210034036042
0000000172085002025
0000000870057048008
0000000567083029001
0000000441017056040
0000000307015085013
0000000153029046038
0000000072079019015
0000000052016021076
0000000059037074002
0000000914038042034
0000000692044038032
0000000639002015097
0000000278005098011
0000000927058006051
0000000835043031041
0000000790045048022
0000000452027040048
0000000391035019061
0000000335015011089
0000000007016093006
0000000946047057012
0000000894055016045
0000000831033015068
0000000485022054040
0000000281025043048
0000000017024053039
0000000815012049056
0000000483071019027
0000000919071020027
0000000833019009090
0000000717070003045
0000000674002073043
0000000330009066043
0000000358073029016
0000000296029086003
0000000125058002058
0000000041017024077
0000000915047058014
0000000768036071012
0000000633003043073
0000000418012093014
0000000368058025036
0000000255048023048
0000000816031059030
0000000795091027002
0000000728021057042
0000000394029067024
0000000106048024048
0000000091024002094
0000000923042007072
0000000772059029033
0000000770098020003
0000000489048041032
0000000343029064028
0000000043028049044
0000000952003060059
0000000811045001076
0000000775068030024
0000000731077042003
0000000604052051019
0000000120086030006
0000000847045016062
0000000767029041053
0000000595008037078
0000000449023092008
0000000400038002083
0000000076062043018
0000000975022078024
0000000851004036084
0000000742022021081
0000000685046010068
0000000686008033083
0000000667026077021
0000000351016095013
0000000269006078040
0000000971029091005
0000000842033030062
0000000605034054037
0000000545005039081
0000000535040006079
0000000511067031027
0000000423079012034
0000000174040069016
0000000126028023074
0000000848011076039
0000000805008028090
0000000789001095030
0000000740053006067
0000000661030033063
0000000574046010070
0000000322051008067
0000000236065009052
0000000071057042027
0000000031027040059
0000000973062060005
0000000757036074017
0000000726094017016
0000000536025065037
0000000539015037075
0000000264027012088
0000000182041053033
0000000083060033034
0000000969040081007
0000000936028046054
0000000704034090004
0000000618060016052
0000000577025067036
0000000546056012060
0000000524017095016
0000000253055040033
0000000241013052063
0000000124030027071
0000000084045073010
0000000849056072001
0000000738029018082
0000000669052058019
0000000438046071012
0000000183050011068
0000000038072036021
0000000792009034087
0000000579080045005
0000000565038046046
0000000517032019079
0000000036017073040
0000000023009076045
0000000465002077052
0000000310017096018
0000000332086036009
0000000297080011040
0000000300018037076
0000000190004029098
0000000159047003081
0000000132014098019
0000000953021071040
0000000889021050061
0000000834100028004
0000000308026033073
0000000131058042032
0000000090031056045
0000000990030018085
0000000778059050024
0000000596040033060
0000000376066011056
0000000312041075017
0000000196034089010
0000000117098028007
0000000787030024080
0000000610014074046
0000000600038093003
0000000510090008036
0000000356041067026
0000000375094028012
0000000298008068058
0000000288046059029
0000000158067048019
0000000074089004041
0000000030012075047
0000000003071041022
0000000771063042030
0000000641052006077
0000000620021078036
0000000399046016073
0000000193077024034
0000000184004083048
0000000164044006085
0000000736064067005
0000000710048087001
0000000687044012080
0000000502006099031
0000000287074062000
0000000114074060002
0000000964014079044
0000000930007049081
0000000872035060042
0000000673010067060
0000000640076036025
0000000566020017100
0000000345019098020
0000000169061030046
0000000101066047024
0000000079036086015
0000000021089048000
0000000905079031028
0000000584046023069
0000000526062045031
0000000505028076034
0000000259032061045
0000000813037063039
0000000666048081010
0000000585076004059
0000000458094031014
0000000187037056046
0000000147018064057
0000000042055060024
0000000900026031083
0000000784082043015
0000000291044018078
0000000002030051059
0000000897028036077
0000000759042009090
0000000573042070029
0000000212020029092
0000000068096012033
0000000005045092004
0000000009022054065
0000000701043001098
0000000429089014039
0000000866033069041
0000000670081055007
0000000609043052048
0000000486031013099
0000000392077020046
0000000034074020049
0000000699075033036
0000000703073041030
0000000637083019042
0000000621034039071
0000000571007091046
0000000318008072064
0000000108040066038
0000000026044030070
0000000776077047021
0000000540051086008
0000000396005093047
0000000359064005076
0000000303044068033
0000000652048016082
0000000463038084024
0000000416058040048
0000000118044023079
0000000065082016048
0000000970032029086
0000000899057046044
0000000592047063037
0000000561003095049
0000000403007084056
0000000022003073071
0000000719008040100
0000000643010089049
0000000551078028042
0000000521038024086
0000000244037071040
0000000035045058045
0000000958036061052
0000000634023032094
0000000548027098024
0000000481070004075
0000000306091015043
0000000261023080046
0000000123053018078
0000000096005064080
0000000911037081032
0000000874067015068
0000000492018056076
0000000494048090012
0000000473052086012
0000000208054023073
0000000110090018042
0000000943065000086
0000000647032092027
0000000507014040097
0000000447065060026
0000000412019048084
0000000435058058035
0000000231096054001
0000000073068074009
0000000968065043044
0000000965052051049
0000000957034077041
0000000797041018093
0000000753050044058
0000000735038036078
0000000694074001077
0000000663087025040
0000000611053093006
0000000419054002096
0000000092070057025
0000000902059020074
0000000860057081015
0000000451050060043
0000000395082053018
0000000324077061015
0000000226083032038
0000000156066007080
0000000916022032100
0000000906021067066
0000000864027046081
0000000374027030097
0000000207071028055
0000000130067064023
0000000015052069033
0000000929082058015
0000000723067053035
0000000672024099032
0000000590026050079
0000000504066081008
0000000455083001071
0000000360052078025
0000000275005070080
0000000295066048041
0000000121029083043
0000000089071054030
0000000702021085050
0000000390088064004
0000000385071031054
0000000967098054005
0000000841016092049
0000000456082043032
0000000752076079003
0000000601099050009
0000000581081056021
0000000560083034041
0000000251071009078
0000000258025100033
0000000191034029095
0000000109028097033
0000000070062077019
0000000918024036099
0000000901071057031
0000000656085030044
0000000630042074043
0000000495057094008
0000000279024049086
0000000682014084062
0000000679044033083
0000000409054060046
0000000352074018068
0000000267090059011
0000000186097056007
0000000981019083059
0000000683091069001
0000000616016082063
0000000472023069069
0000000948084060018
0000000707002089071
0000000578063020079
0000000417092068002
0000000411062039061
0000000821027071065
0000000346071047045
0000000263013090060
0000000217022076065
0000000203074072017
0000000869025100039
0000000555050074040
0000000530026050088
0000000286036093035
0000000100049036079
0000000993033072060
0000000141081027057
0000000094059094012
0000000921097058011
0000000878087028051
0000000837046072048
0000000748016088062
0000000413060036070
0000000204057048061
0000000181034063069
0000000162026052088
0000000142022045099
0000000963066070031
0000000947087038042
0000000922070051046
0000000762029065073
0000000628099013055
0000000528019069079
0000000282039066062
0000000854036033099
0000000082073067028
0000000037013061094
0000000876025067077
0000000765099013057
0000000557081011077
0000000471046027096
0000000224080038051
0000000133097022050
0000000058071066032
0000000992072045053
0000000469044070056
0000000487037083050
0000000289054092024
0000000270082001087
0000000221039069062
0000000055015074081
0000000931079038054
0000000904094041036
0000000917094052025
0000000909029078064
0000000527065023083
0000000402058060053
0000000260089062020
0000000827007068097
0000000499045031096
0000000163058085029
0000000151054050068
0000000155026082064
0000000111036091045
0000000951050059064
0000000743081024068
0000000744025051097
0000000675094021058
0000000608035067071
0000000583088039046
0000000558075020078
0000000437095059019
0000000230022081070
0000000926029074071
0000000737003073098
0000000713053059062
0000000268096057021
0000000148063074037
0000000027052022100
0000000665075070030
0000000338070065040
0000000176087044044
0000000080092001082
0000000032086046043
0000000029027092056
0000000763037047092
0000000459070044062
0000000421029067080
0000000170022072082
0000000934073020084
0000000888077071029
0000000758094072011
0000000460055048074
0000000377076052049
0000000341064063050
0000000122055043079
0000000049031070076
0000000966086009083
0000000626098009071
0000000550067049062
0000000508057050071
0000000442070087021
0000000185096062020
0000000933033081065
0000000814039059081
0000000751023081075
0000000552090001088
0000000378013078088
0000000333030069080
0000000215026063090
0000000129079060040
0000000836055039086
0000000800079095006
0000000470073090017
0000000427064020096
0000000415004079097
0000000380018087075
0000000365098072010
0000000323076025079
0000000189090022068
0000000045007074099
0000000974080043058
0000000940082021078
0000000806068075038
0000000570028083070
0000000500070061050
0000000229057029095
0000000145061039081
0000000128071055055
0000000024095046040
0000000008028057096
0000000987057044081
0000000935095072015
0000000786074010098
0000000544046096040
0000000476048070064
0000000430067041074
0000000348037090055
0000000983098011074
0000000972088004091
0000000668082097004
0000000432075079029
0000000138100010073
0000000063069068046
0000000830065057062
0000000746085079020
0000000680072013099
0000000067062032090
0000000924033065087
0000000808042078065
0000000638083069033
0000000529089021075
0000000498092051042
0000000401099076010
0000000340061070054
0000000321076095014
0000000315049040096
0000000826100079007
0000000709014083089
0000000520087028071
0000000484084058044
0000000479061100025
0000000464026090070
0000000274086018082
0000000056088049049
0000000999042081064
0000000991080023084
0000000978025075087
0000000908051088048
0000000858088023076
0000000635078081028
0000000424034065088
0000000349056049082
0000000242099015073
0000000850081017090
0000000793064086038
0000000547005094089
0000000372070073045
0000000201071075042
0000000166033056099
0000000801075036078
0000000304077029083
0000000895061081048
0000000773077088026
0000000722056057078
0000000588070074047
0000000331031091069
0000000320041081069
0000000012052058081
0000000873046087059
0000000754040053099
0000000509048057087
0000000434082067043
0000000439092097003
0000000350083030079
0000000225066075051
0000000982097093003
0000000788094029070
0000000998080014100
0000000823034081079
0000000436018086090
0000000248055089050
0000000150049081064
0000000135069093032
0000000137065039090
0000000342083045067
0000000218048075072
0000000194080085030
0000000962070040086
0000000755089015092
0000000317086058052
0000000246034087075
0000000200013100083
0000000206015085096
0000000932052090055
0000000881013091093
0000000861072057068
0000000844082020095
0000000839077053067
0000000708099025073
0000000559037075085
0000000478050064083
0000000370076051070
0000000397061097039
0000000271061036100
0000000898080064054
0000000865079064055
0000000513022081095
0000000209069029100
0000000171062043093
0000000078071033094
0000000910077065057
0000000880029076094
0000000886088028083
0000000777083065051
0000000398048080071
0000000119089093017
0000000115082049068
0000000976020082098
0000000761090017093
0000000734049070081
0000000655032080088
0000000562034087079
0000000518093037070
0000000711075062064
0000000589048057096
0000000222084030087
0000000173070090041
0000000956063061078
0000000832071067064
0000000696041070091
0000000454044067091
0000000433056057089
0000000339060089053
0000000302039081082
0000000214083091028
0000000085013093096
0000000920076090037
0000000690082067054
0000000802082041081
0000000629090051063
0000000514088093023
0000000440053081070
0000000277045078081
0000000104090022092
0000000960062077066
0000000884057079069
0000000828057059089
0000000450041085079
0000000445095066044
0000000716048068090
0000000357034092080
0000000154097018091
0000000047099058049
0000000856087086034
0000000799088035084
0000000563081092034
0000000515045098064
0000000276049078080
0000000657050081077
0000000612067073068
0000000594048084076
0000000541064100044
0000000044074063071
0000000733096025088
0000000654055066088
0000000599052078079
0000000474061082066
0000000984060080070
0000000838094097019
0000000829069079062
0000000591097082031
0000000477094084032
0000000247042082086
0000000727098024089
0000000624091071049
0000000453088054069
0000000299088084039
0000000256043071097
0000000112094060057
0000000623069048095
0000000257038097077
0000000216083091038
0000000986063063087
0000000875064061088
0000000750030097086
0000000329097023093
0000000245089060064
0000000160063089061
0000000950079044091
0000000825081054079
0000000693085054075
0000000658063064088
0000000134061064090
0000000033063094059
0000000809072047098
0000000069044091082
0000000660081054083
0000000597044078096
0000000890067072080
0000000820069085065
0000000294099070050
0000000188053091075
0000000001084088047
0000000937094050076
0000000619083096041
0000000406065072083
0000000428042099079
0000000180060063097
0000000907025099097
0000000681088034099
0000000496045082094
0000000198059071091
0000000175063074084
0000000177051092078
0000000506090089043
0000000240088074060
0000000537084075064
0000000408039087097
0000000319064075084
0000000843100068056
0000000493086061077
0000000642085063077
0000000107099087039
0000000060051098076
0000000785074054098
0000000725095089042
0000000095072082072
0000000316090044093
0000000004081066080
0000000636085055088
0000000381097033098
0000000336072071085
0000000223066063100
0000000081086085058
0000000556046086098
0000000389068092070
0000000337078100052
0000000272075069086
0000000046092093045
0000000955084059088
0000000468066083082
0000000285080061090
0000001000082089061
0000000741093063076
0000000466048098086
0000000292089074069
0000000945080057096
0000000745065073095
0000000631074092068
0000000587076060098
0000000414039100095
0000000603081071083
0000000233100093042
0000000051094077064
0000000712075083078
0000000475065094077
0000000989085087065
0000000305099039099
0000000678082096060
0000000266083075080
0000000549061098080
0000000959074098068
0000000855090060091
0000000543099098045
0000000014080073089
0000000804076068099
0000000140075093076
0000000582085089071
0000000593052095099
0000000373084064098
0000000491093076078
0000000887098063087
0000000779085080083
0000000314057093098
0000000996071098080
0000000760093095062
0000000284093075083
0000000313092060100
0000000252078094080
0000000613088074092
0000000386080084091
0000000783092088077
0000000781087098072
0000000747064094099
0000000443099071087
0000000237081100076
0000000928070092097
0000000720068097097
0000000689082090090
0000000467094076092
0000000220099071094
0000000525100081086
0000000404084086100
0000000157093085094
0000000649093089095
0000000523097085097
0000000019099099094
